55 
67 37 
35 51 20 
63 49 98 80 
76 42 92 3 52 
95 2 32 68 28 71 
34 27 71 7 6 45 76 
57 8 96 18 88 47 56 71 
90 88 92 16 26 82 10 90 58 
37 65 22 77 74 97 51 83 69 79 
94 57 35 66 83 9 37 40 51 58 31 
27 93 72 88 43 65 5 39 11 24 90 97 
40 98 36 56 38 92 4 40 50 64 42 12 72 
64 37 74 77 60 48 69 23 52 24 60 98 36 72 
27 2 45 34 48 36 95 88 49 42 54 63 48 51 38 
100 92 64 40 36 11 61 85 9 2 40 50 66 22 97 26 
28 29 99 58 71 34 78 67 23 99 53 55 44 79 75 23 18 
12 32 50 5 6 81 51 68 69 78 49 64 71 1 18 1 80 86 
69 9 40 27 25 3 17 44 96 20 6 84 84 54 24 29 83 28 33 
70 66 77 87 67 56 14 98 98 1 36 10 73 10 6 53 96 18 78 59 
