42 
71 2 
78 93 66 
11 71 6 23 
22 36 45 25 26 
85 82 81 59 86 18 
73 19 5 55 35 66 42 
48 42 58 78 77 89 13 18 
27 94 83 29 86 55 80 73 9 
48 50 51 15 28 100 44 2 78 96 
11 64 27 4 22 57 5 85 17 37 100 
96 72 42 11 70 48 23 29 94 61 35 50 
26 75 52 28 25 60 93 84 78 39 99 90 26 
48 26 4 67 88 63 60 77 54 27 56 37 48 86 
18 93 9 21 99 14 31 1 44 73 24 34 40 71 51 
97 76 9 3 25 28 90 27 49 80 60 12 36 31 61 50 
1 51 15 66 39 89 39 72 82 59 28 85 38 3 44 4 43 
71 23 84 33 78 15 41 61 43 65 66 81 3 15 61 48 70 22 
83 41 20 1 85 69 16 67 63 64 97 8 48 84 64 16 82 22 15 
29 65 30 33 10 9 32 74 42 71 24 60 62 67 95 1 70 81 34 51 
47 60 85 17 49 37 2 25 39 90 84 93 40 99 93 34 84 28 99 57 40 
18 61 11 22 43 87 1 60 2 85 20 35 83 64 27 60 12 43 4 80 86 97 
100 70 62 7 75 27 50 84 46 86 94 77 28 21 47 1 30 1 10 77 36 92 36 
69 71 72 78 80 42 89 100 51 7 27 21 31 74 68 34 39 21 15 23 27 31 86 60 
81 72 37 53 62 50 93 60 29 41 21 5 34 17 96 14 9 33 19 90 8 89 93 14 64 
