11 
6 3 
8 19 11 
16 4 14 7 
13 7 2 8 17 
12 10 18 10 11 4 
4 1 17 11 5 16 19 
11 7 7 14 3 14 15 14 
15 17 12 2 20 17 17 1 12 
11 9 1 2 15 5 5 13 7 18 
20 1 8 20 15 6 18 11 4 7 10 
11 5 3 17 20 19 18 6 18 16 6 17 
4 5 4 9 8 1 8 17 13 1 4 1 12 
5 18 11 10 5 17 17 14 14 14 15 2 5 2 
9 4 5 1 3 20 8 11 6 10 13 16 19 5 20 
13 16 20 1 6 15 6 2 5 2 20 1 4 17 20 13 
3 4 13 6 3 13 1 9 15 1 19 18 5 19 5 7 6 
8 13 6 19 2 15 12 3 7 2 12 16 5 19 4 16 15 3 
5 5 18 19 4 1 1 12 10 19 7 11 6 11 11 10 13 15 18 
9 5 20 5 4 3 10 5 16 17 16 15 19 20 5 17 4 20 6 19 
9 20 19 6 1 14 6 3 6 14 6 3 10 4 13 2 15 15 7 7 5 
18 19 10 20 14 13 11 8 7 20 5 10 19 7 17 19 7 15 11 10 8 3 
10 15 19 12 2 18 14 5 17 6 15 2 19 14 6 5 11 18 20 19 4 11 6 
12 6 14 11 2 8 14 13 20 14 4 12 18 20 18 10 16 18 18 13 10 12 19 16 
4 15 20 11 13 16 7 6 1 13 14 16 5 1 9 2 18 3 14 2 15 11 15 19 11 
4 12 2 19 18 15 4 13 13 17 8 2 6 14 10 20 14 5 9 10 9 16 16 2 4 10 
8 2 12 2 14 8 16 16 15 20 18 10 8 4 11 14 20 2 19 9 17 2 2 16 4 15 19 
12 12 15 5 4 12 5 12 6 4 14 16 6 10 12 18 9 7 5 2 1 18 16 1 18 12 14 2 
17 13 6 20 19 1 17 11 15 1 19 11 3 16 5 10 14 6 6 17 20 18 14 17 11 19 19 4 13 
3 16 5 18 19 10 2 10 14 2 3 11 1 7 15 6 10 5 20 1 16 8 9 4 5 5 3 16 3 7 
6 17 3 17 1 7 3 15 5 4 19 5 5 13 11 14 5 5 6 14 10 11 17 9 7 20 19 5 2 4 20 
20 15 3 12 2 10 2 15 15 18 2 15 17 9 20 14 20 11 6 19 14 11 1 4 5 16 2 1 16 9 15 18 
6 5 2 2 11 1 9 10 19 17 12 3 12 17 2 3 18 6 11 19 8 13 1 8 4 17 6 7 14 5 5 8 20 
19 1 6 20 6 11 19 13 2 12 19 6 16 16 17 20 15 1 17 15 11 19 16 11 19 19 4 20 10 14 19 20 19 14 
1 7 6 7 2 12 18 14 12 11 6 4 8 5 19 4 6 2 6 10 7 1 6 6 5 8 8 13 16 4 15 2 14 1 10 
15 14 9 1 2 5 3 17 14 17 7 5 5 18 19 20 12 19 1 17 16 3 11 8 10 18 12 7 3 5 10 15 1 10 1 8 
7 7 6 9 20 11 11 19 11 10 18 3 17 20 3 16 17 17 2 4 9 9 3 10 18 2 1 6 2 1 17 18 4 3 17 9 12 
3 5 7 12 14 12 10 2 11 18 10 7 3 7 16 20 16 18 11 1 9 10 3 16 16 17 18 15 12 4 4 9 18 17 3 10 1 11 
7 2 9 15 2 13 4 15 4 19 3 19 9 20 3 17 4 18 6 14 11 17 9 9 8 14 15 3 1 5 16 11 8 17 12 3 11 20 18 
18 13 8 9 8 9 9 6 10 15 5 2 7 15 7 14 1 13 3 5 3 15 17 17 19 2 9 10 20 8 7 1 14 10 2 5 16 2 15 13 
