2537 
3219 9486 
16719 7435 2892 
15715 14018 19344 6101 
6594 10190 16628 15670 10323 
16570 16782 15553 16969 4818 12253 
16918 2332 8004 3701 10510 16434 8813 
10167 7824 13091 11 19144 4214 12223 3287 
17675 12508 19699 5071 7587 6788 3963 17366 5222 
12494 12536 12502 6535 14957 13766 1032 9092 12499 6171 
11193 5122 5129 6808 17748 996 1106 1331 5226 6259 2474 
14546 13122 18187 18332 2958 6288 10290 2712 17761 18778 13107 7879 
9862 14840 9555 3154 17976 15453 13253 14277 9351 9664 16754 8738 18779 
6432 3944 8407 960 18587 5637 17531 6433 14811 1116 15916 19481 2409 597 
19157 7897 10404 12039 4632 8215 3811 16282 9796 951 19526 3546 4046 13551 10774 
18290 4578 8955 17973 15959 4113 1247 17631 5697 1354 8693 10357 12232 17588 8169 16255 
626 5232 17109 12466 9864 9523 5514 9051 8305 16045 4775 4580 16776 1868 18418 3275 743 
17280 8952 14879 19869 9330 13301 15358 12002 5756 5119 19895 18858 17068 8944 13645 19617 6465 5790 
9701 15406 17948 3333 11509 5489 3166 14304 11592 19407 15298 3002 9580 10837 18311 3284 13328 17584 15374 
18637 2908 10323 7625 17900 12272 18133 14349 9970 10131 10384 13760 3877 10739 17239 8109 13905 2440 12508 11624 
4328 14334 14332 14378 14753 3464 1559 12400 13520 18493 15600 16764 17031 17411 10408 16255 9863 18694 4101 18362 8389 
6269 15447 4143 16556 5818 14949 4689 9849 7965 3723 13813 10372 5840 17393 10225 5193 11495 17821 7083 17238 684 10659 
13272 11567 3646 11531 8627 12314 12562 1743 18144 7214 16880 18287 10961 11579 18736 4977 13334 16261 9156 16477 10391 13100 15346 
13260 15882 10599 225 16777 17823 18226 1903 7368 4771 1316 6938 1132 9031 11194 7709 3011 18561 13419 14865 13496 7389 6261 9327 
8814 18740 15164 9964 8132 1938 12085 2421 18018 15541 11499 15156 16721 2439 445 7930 12573 15899 1457 12104 5022 11654 16060 15354 10034 
1966 1567 17758 19645 18322 342 18689 7704 6832 19271 16462 321 17384 8676 1253 2788 1097 16027 9888 13340 9811 16591 8044 19966 5251 1703 
1667 3978 4948 16009 17681 12232 16214 6433 14267 9278 6624 17685 4974 19214 15866 7838 8146 18075 15944 28 1846 399 16756 15786 17766 13441 10100 
14702 653 12033 4639 11550 7401 9755 13371 3793 19854 16463 18596 5843 1715 15309 8491 6207 17053 2965 17620 1379 14614 8340 15982 313 13065 17290 12214 
16720 7878 13624 3576 3363 6788 18315 13743 8427 15 9851 10424 7523 18405 14705 2888 16719 3230 9985 9535 19426 7936 19211 8731 9990 15928 8010 19299 887 
9033 4987 2198 19853 9683 1635 8698 19976 16476 4709 11499 2213 7824 9417 12264 9734 14097 2503 9496 3287 8295 13447 13100 5672 15587 18094 9460 7848 15474 108 
19831 8131 1583 9737 19912 297 6252 934 18659 4128 15482 3413 6926 17718 6056 9389 822 11587 2586 4550 7142 19801 4832 2632 19873 15896 5633 5187 9532 2101 14907 
9344 19025 6509 223 5949 17521 7032 4121 7556 920 804 6724 10809 14081 10243 1480 14607 11966 13411 10378 5480 9559 2486 12352 13334 8083 6309 9527 6504 6432 14106 5992 
6194 8550 11164 11695 4019 9557 1694 2337 15828 9210 15604 13420 5891 14123 4744 17409 13048 15504 1769 1634 19145 13133 1025 7943 9647 10783 7381 3907 4063 6979 13851 10574 14442 
4381 8459 8180 1814 19706 18965 15778 4622 16480 8426 14982 11766 17103 13075 15481 10761 18702 11466 5769 14276 19001 13690 12033 8718 2195 15962 3535 18175 6691 13143 11931 7729 7338 8091 
10753 5313 17903 1879 1219 19121 2674 19492 5597 4564 17523 4095 3658 16570 449 11739 14045 13303 19530 5398 13635 18687 4317 1450 19345 17884 17659 7122 4552 11786 17839 4287 12822 7329 15767 
14568 13595 9956 12682 11684 11962 18570 18018 17968 4068 5350 12965 17401 3531 12118 7423 7557 11636 19794 390 3366 8344 3927 7000 4642 4865 442 13311 14151 14862 9537 16271 16709 1161 16152 6716 
10174 16096 14446 103 12641 3635 9989 6729 7110 9261 8229 13029 15129 1329 11681 1060 5972 8196 4992 12118 19950 5092 15642 18731 2754 15235 17645 15904 14209 7698 1541 13311 3155 1926 10244 18472 12890 
565 1903 15287 14527 1179 17059 9670 4475 1145 19677 15343 5745 10161 13514 8724 16541 13104 3732 17208 14366 18094 18461 10326 1234 15289 13338 14046 16802 772 16767 14650 5636 17936 13637 11154 11200 8030 18174 
9006 19465 12571 1674 13 16373 4090 19161 619 4158 6250 8668 6603 5897 4323 8822 8900 6449 2602 5834 13486 15153 1880 17398 16560 3760 14461 13448 3255 12916 8134 16152 18160 3394 11019 16055 7040 3341 2346 
19576 16039 1469 3768 2739 3238 12273 13236 16287 16508 9159 8054 11313 1584 12842 14790 8106 1829 11877 11515 7487 542 11995 11446 19812 3649 18426 9255 4977 2797 16716 6477 18411 19842 739 794 19744 5776 14057 14912 
