15 
19 15 
20 9 6 
14 3 6 20 
11 11 9 20 8 
15 9 17 15 10 8 
16 19 13 6 9 10 16 
6 2 3 3 2 13 19 6 
14 11 20 3 14 19 15 3 4 
9 9 9 13 16 6 2 9 2 7 
1 12 2 16 14 19 5 6 20 14 13 
2 10 8 15 13 9 6 1 2 10 7 10 
15 17 12 15 12 8 16 8 6 1 19 3 9 
9 1 14 2 10 9 5 20 2 11 10 2 3 19 
7 8 11 18 3 11 4 15 3 18 5 13 8 15 7 
5 10 13 2 20 11 19 20 19 13 13 18 11 3 2 8 
8 16 18 10 10 6 18 15 7 18 4 11 17 20 7 11 2 
1 2 4 14 11 10 4 9 20 10 11 17 15 6 16 1 18 16 
19 8 7 20 1 13 6 12 4 4 11 2 12 11 16 8 20 5 15 
13 15 20 13 9 18 7 3 7 10 12 7 12 4 8 12 20 11 10 17 
4 3 12 15 17 17 9 18 16 8 8 12 20 6 9 9 7 5 6 2 10 
9 18 7 13 5 13 12 2 17 17 12 4 19 4 2 17 1 5 15 20 3 19 
16 6 6 3 6 16 16 2 8 8 16 19 7 12 13 3 7 10 6 1 4 20 13 
18 13 4 11 11 15 10 5 16 12 3 17 15 14 12 15 4 19 1 8 15 10 2 4 
16 13 11 19 11 9 7 9 8 4 8 17 18 15 6 9 2 4 14 1 16 8 3 20 2 
9 1 2 19 6 10 14 10 8 18 10 7 18 14 8 1 13 17 4 8 15 15 10 6 6 10 
9 5 6 7 9 18 14 7 19 10 13 11 5 2 2 5 19 11 12 14 20 12 8 3 12 10 5 
17 1 8 7 5 6 3 20 1 20 2 15 6 17 18 19 12 12 8 8 14 2 14 3 19 2 16 13 
2 18 9 18 20 3 4 8 20 1 6 5 4 7 3 4 2 11 9 12 14 17 9 14 16 13 10 16 6 
3 8 8 18 20 9 16 12 2 12 18 6 18 6 9 17 20 3 20 7 20 9 9 19 11 3 11 17 19 1 
16 5 7 17 18 19 1 10 11 12 16 8 1 2 3 8 4 19 5 20 10 5 16 7 6 15 15 9 2 9 17 
2 6 16 1 20 7 9 11 11 18 3 17 4 17 18 7 8 10 5 5 11 6 6 9 9 18 15 1 16 12 18 3 
20 2 18 18 15 5 11 17 3 14 10 16 19 18 2 16 17 11 3 11 12 20 12 9 4 20 11 15 8 13 17 1 10 
4 13 8 18 11 5 3 13 8 14 13 19 2 18 17 3 18 11 7 9 16 14 8 7 17 19 19 15 14 4 17 11 11 3 
11 19 7 3 9 8 6 15 7 8 16 1 6 5 11 3 18 7 10 10 9 8 3 5 19 4 16 9 20 5 18 6 11 11 19 
14 11 5 1 14 1 16 19 12 4 7 8 14 10 2 9 7 15 6 20 9 10 10 14 9 5 2 2 15 9 18 4 1 12 3 8 
4 12 15 20 9 19 5 2 12 8 7 15 18 9 10 17 15 19 11 9 6 19 15 3 13 4 12 1 2 10 14 11 4 4 19 11 8 
14 11 8 15 10 1 9 7 15 10 14 19 18 17 10 19 7 10 2 3 11 10 16 19 11 16 6 2 11 6 3 19 3 11 18 8 8 5 
5 12 13 2 9 15 20 8 15 14 18 19 10 7 14 3 1 2 7 11 2 11 13 11 20 8 12 13 3 20 5 13 6 3 6 11 7 7 2 
4 6 17 9 15 4 16 12 11 15 14 6 4 16 9 9 20 16 10 9 12 15 13 2 4 3 7 9 11 11 1 13 6 2 17 5 5 16 6 9 
